associd=0 status=0514 leap_none, sync_local, 1 event, freq_mode,
leap=00, stratum=11, precision=-23, rootdelay=0.000, rootdisp=7947.500,
refid=127.127.1.0, reftime=ee0d52a3.508a256a 2026-07-24T02:55:31.314,
tc=6, peer=37547, offset=0.000000, frequency=0.000000,
sys_jitter=0.000000, clk_jitter=0.000112,
clock=ee0d52a4.4e1fbb65 2026-07-24T02:55:32.305, processor="x86_64",
system="Linux/7.1.3-2-cachyos", version="ntpd ntpsec-1.2.2a",
clk_wander=0.000000, mintc=0
