associd=0 status=0514 leap_none, sync_local, 1 event, freq_mode,
leap=00, stratum=11, precision=-24, rootdelay=0.000, rootdisp=7947.500,
refid=127.127.1.0, reftime=ee0d67d6.5e2e1f0c 2026-07-24T04:25:58.367,
tc=6, peer=37547, offset=0.000000, frequency=0.000000,
sys_jitter=0.000000, clk_jitter=0.000056,
clock=ee0d67d7.5c29467a 2026-07-24T04:25:59.360, processor="x86_64",
system="Linux/7.1.3-2-cachyos", version="ntpd ntpsec-1.2.2a",
clk_wander=0.000000, mintc=0
