associd=0 status=0514 leap_none, sync_local, 1 event, freq_mode,
leap=00, stratum=11, precision=-24, rootdelay=0.000, rootdisp=7947.500,
refid=127.127.1.0, reftime=ee0afb15.284510de 2026-07-22THH:MM:SS.157,
tc=6, peer=37547, offset=0.000000, frequency=0.000000,
sys_jitter=0.000000, clk_jitter=0.000056,
clock=ee0afb16.2628df07 2026-07-22THH:MM:SS.149, processor="x86_64",
system="Linux/7.1.3-2-cachyos", version="ntpd ntpsec-1.2.2a",
clk_wander=0.000000, mintc=0
