associd=0 status=c000 leap_alarm, sync_unspec, 0 unspec,
version=ntpd-rs 1.3.3, processor=x86_64, system=linux/linux,
leap=11, stratum=16, precision=0, rootdelay=0.0,
rootdisp=59907.75802974096, refid=00000000, reftime=0.000000,
peer=1, tc=4, offset=0.0, frequency=0.0, sys_jitter=0.0,
rootdist=59907.75802974096,
